GP7[14],0,0,1,830
GP7[15],0,1,1,828
EMB_SDCKE,0,2,1,805

nEMB_CS[0],0,4,1,805
nEMB_CAS,0,5,1,805
nEMB_RAS,0,6,1,805
nEMB_WE,0,7,1,805
EMB_BA[1],1,0,1,805
EMB_BA[0],1,1,1,805
EMB_A[0],1,2,1,805
EMB_A[1],1,3,1,805
EMB_A[2],1,4,1,805
EMB_A[3],1,5,1,805
EMB_A[4],1,6,1,805
EMB_A[5],1,7,1,805
EMB_A[6],2,0,1,805
EMB_A[7],2,1,1,805
EMB_A[8],2,2,1,805
EMB_A[9],2,3,1,805
EMB_A[10],2,4,1,805
EMB_A[11],2,5,1,805
EMB_A[12],2,6,1,805
EMB_D[31],2,7,1,828
EMB_D[30],3,0,1,828
EMB_D[29],3,1,1,828
EMB_D[28],3,2,1,828
EMB_D[27],3,3,1,828
EMB_D[26],3,4,1,828
EMB_D[25],3,5,1,828
EMB_D[24],3,6,1,828
EMB_D[23],3,7,1,828
EMB_D[22],4,0,1,828
EMB_D[21],4,1,1,828
EMB_D[20],4,2,1,828
EMB_D[19],4,3,1,828
EMB_D[18],4,4,1,828
EMB_D[17],4,5,1,828
EMB_D[16],4,6,1,828
nEMB_WE_DQM[3],4,7,1,828
nEMB_WE_DQM[2],5,0,1,828
EMB_D[0],5,1,1,805
EMB_D[1],5,2,1,805
EMB_D[2],5,3,1,805
EMB_D[3],5,4,1,805
EMB_D[4],5,5,1,805
EMB_D[5],5,6,1,805
EMB_D[6],5,7,1,805
EMB_D[7],6,0,1,805
EMB_D[8],6,1,1,805
EMB_D[9],6,2,1,805
EMB_D[10],6,3,1,805
EMB_D[11],6,4,1,805
EMB_D[12],6,5,1,805
EMB_D[13],6,6,1,805
EMB_D[14],6,7,1,805
EMB_D[15],7,0,1,805
nEMB_WE_DQM[1],7,1,1,805
nEMB_WE_DQM[0],7,2,1,805
SPI0_SOMI[0],7,3,1,830
SPI0_SIMO[0],7,4,1,830
SPI0_CLK,7,5,1,830
nSPI0_ENA,7,6,1,830
nSPI0_SCS[0],7,7,1,830
SPI1_SOMI[0],8,0,1,830
SPI1_SIMO[0],8,1,1,830
SPI1_CLK,8,2,1,830
UART0_RXD,8,3,1,830
UART0_TXD,8,4,1,830
AXR1[10],8,5,1,830
AXR1[11],8,6,1,830
nSPI1_ENA,8,7,1,830
nSPI1_SCS[0],9,0,1,830
USB0_DRVVBUS,9,1,1,828
AHCLKX0,9,2,1,830
ACLKX0,9,3,1,830
AFSX0,9,4,1,830
AHCLKR0,9,5,1,830
ACLKR0,9,6,1,830
AFSR0,9,7,1,830
AMUTE0,10,0,1,828
AXR0[0],10,1,1,830
AXR0[1],10,2,1,830
AXR0[2],10,3,1,830
AXR0[3],10,4,1,830
AXR0[4],10,5,1,830
AXR0[5],10,6,1,830
AXR0[6],10,7,1,830
AXR0[7],11,0,1,830
AXR0[8],11,1,1,830
UART1_RXD,11,2,1,830
UART1_TXD,11,3,1,830
AXR0[11],11,4,1,830
AHCLKX1,11,5,1,830
ACLKX1,11,6,1,830
AFSX1,11,7,1,830
AHCLKR1,12,0,1,828
ACLKR1,12,1,1,830
AFSR1,12,2,1,830
AMUTE1,12,3,1,830
AXR1[0],12,4,1,830
AXR1[1],12,5,1,830
AXR1[2],12,6,1,830
AXR1[3],12,7,1,830
AXR1[4],13,0,1,830
AXR1[5],13,1,1,830
AXR1[6],13,2,1,830
AXR1[7],13,3,1,830
AXR1[8],13,4,1,830
AXR1[9],13,5,1,828
EMA_D[0],13,6,1,830
EMA_D[1],13,7,1,830
EMA_D[2],14,0,1,830
EMA_D[3],14,1,1,830
EMA_D[4],14,2,1,830
EMA_D[5],14,3,1,830
EMA_D[6],14,4,1,830
EMA_D[7],14,5,1,830
EMA_D[8],14,6,1,828
EMA_D[9],14,7,1,828
EMA_D[10],15,0,1,828
EMA_D[11],15,1,1,828
EMA_D[12],15,2,1,828
EMA_D[13],15,3,1,828
EMA_D[14],15,4,1,828
EMA_D[15],15,5,1,828
EMA_A[0],15,6,1,830
EMA_A[1],15,7,1,830
EMA_A[2],16,0,1,830
EMA_A[3],16,1,1,830
EMA_A[4],16,2,1,830
EMA_A[5],16,3,1,830
EMA_A[6],16,4,1,830
EMA_A[7],16,5,1,830
EMA_A[8],16,6,1,830
EMA_A[9],16,7,1,830
EMA_A[10],17,0,1,830
EMA_A[11],17,1,1,830
EMA_A[12],17,2,1,830
EMA_BA[1],17,3,1,830
EMA_BA[0],17,4,1,830
EMA_CLK,17,5,1,828
EMA_SDCKE,17,6,1,828
nEMA_CAS,17,7,1,828
nEMA_RAS,18,0,1,828
nEMA_WE,18,1,1,830
nEMA_CS[0],18,2,1,828
nEMA_CS[2],18,3,1,830
nEMA_CS[3],18,4,1,830
nEMA_OE,18,5,1,830
nEMA_WE_DQM[1],18,6,1,828
nEMA_WE_DQM[0],18,7,1,828
EMA_WAIT[0],19,0,1,830