





























































EQEP0A,7,6,4,830
EQEP0B,7,7,4,830



TM64P0_IN12,8,3,4,830
TM64P0_OUT12,8,4,4,830





USB_REFCLKIN,9,2,4,830






AFSR2,10,1,4,830
ACLKX2,10,2,4,830
AXR2[3],10,3,4,830
AXR2[2],10,4,4,830
AXR2[1],10,5,4,830
AFSX2,10,6,4,830
ACLKR2,10,7,4,830




AXR2[0],11,4,4,830


EPWMSYNC0,11,7,4,830














UHPI_HD[0],13,6,4,828
UHPI_HD[1],13,7,4,828
UHPI_HD[2],14,0,4,828
UHPI_HD[3],14,1,4,828
UHPI_HD[4],14,2,4,828
UHPI_HD[5],14,3,4,828
UHPI_HD[6],14,4,4,828
UHPI_HD[7],14,5,4,828
LCD_D[8],14,6,4,828
LCD_D[9],14,7,4,828
LCD_D[10],15,0,4,828
LCD_D[11],15,1,4,828
LCD_D[12],15,2,4,828
LCD_D[13],15,3,4,828
LCD_D[14],15,4,4,828
LCD_D[15],15,5,4,828

UHPI_HCNTL0,15,7,4,828
UHPI_HCNTL1,16,0,4,828










UHPI_HHWIL,17,3,4,828

AHCLKR2,17,5,4,828



AXR0[12],18,1,4,830


AMUTE2,18,4,4,830
AXR0[13],18,5,4,830
AXR0[14],18,6,4,828
AXR0[15],18,7,4,828

