RTCK,0,0,8,810
EMU[0],0,1,8,828






GP7[0],1,0,8,830
GP7[1],1,1,8,830
GP7[2],1,2,8,830
GP7[3],1,3,8,830
GP7[4],1,4,8,830
GP7[5],1,5,8,830
GP7[6],1,6,8,830
GP7[7],1,7,8,830
GP7[8],2,0,8,830
GP7[9],2,1,8,830
GP7[10],2,2,8,830
GP7[11],2,3,8,830
GP7[12],2,4,8,830
GP7[13],2,5,8,830
GP3[13],2,6,8,830


















GP6[0],5,1,8,830
GP6[1],5,2,8,830
GP6[2],5,3,8,830
GP6[3],5,4,8,830
GP6[4],5,5,8,830
GP6[5],5,6,8,830
GP6[6],5,7,8,830
GP6[7],6,0,8,830
GP6[8],6,1,8,830
GP6[9],6,2,8,830
GP6[10],6,3,8,830
GP6[11],6,4,8,830
GP6[12],6,5,8,830
GP6[13],6,6,8,830
GP6[14],6,7,8,830
GP6[15],7,0,8,830
GP5[14],7,1,8,830
GP5[15],7,2,8,830
GP5[0],7,3,8,830
GP5[1],7,4,8,830
GP5[2],7,5,8,830
GP5[3],7,6,8,830
GP5[4],7,7,8,830
GP5[5],8,0,8,830
GP5[6],8,1,8,830
GP5[7],8,2,8,830
GP5[8],8,3,8,830
GP5[9],8,4,8,830
GP5[10],8,5,8,830
GP5[11],8,6,8,830
GP5[12],8,7,8,830
GP5[13],9,0,8,830
GP4[15],9,1,8,828
GP2[11],9,2,8,830
GP2[12],9,3,8,830
GP2[13],9,4,8,830
GP2[14],9,5,8,830
GP2[15],9,6,8,830
GP3[12],9,7,8,830
nRESETOUT,10,0,8,828
GP3[0],10,1,8,830
GP3[1],10,2,8,830
GP3[2],10,3,8,830
GP3[3],10,4,8,830
GP3[4],10,5,8,830
GP3[5],10,6,8,830
GP3[6],10,7,8,830
GP3[7],11,0,8,830
GP3[8],11,1,8,830
GP3[9],11,2,8,830
GP3[10],11,3,8,830
GP3[11],11,4,8,830
GP3[14],11,5,8,830
GP3[15],11,6,8,830
GP4[10],11,7,8,830
GP4[11],12,0,8,828
GP4[12],12,1,8,830
GP4[13],12,2,8,830
GP4[14],12,3,8,830
GP4[0],12,4,8,830
GP4[1],12,5,8,830
GP4[2],12,6,8,830
GP4[3],12,7,8,830
GP4[4],13,0,8,830
GP4[5],13,1,8,830
GP4[6],13,2,8,830
GP4[7],13,3,8,830
GP4[8],13,4,8,830
GP4[9],13,5,8,828
GP0[0],13,6,8,830
GP0[1],13,7,8,830
GP0[2],14,0,8,830
GP0[3],14,1,8,830
GP0[4],14,2,8,830
GP0[5],14,3,8,830
GP0[6],14,4,8,830
GP0[7],14,5,8,830
GP0[8],14,6,8,828
GP0[9],14,7,8,828
GP0[10],15,0,8,828
GP0[11],15,1,8,828
GP0[12],15,2,8,828
GP0[13],15,3,8,828
GP0[14],15,4,8,828
GP0[15],15,5,8,828
GP1[0],15,6,8,830
GP1[1],15,7,8,830
GP1[2],16,0,8,830
GP1[3],16,1,8,830
GP1[4],16,2,8,830
GP1[5],16,3,8,830
GP1[6],16,4,8,830
GP1[7],16,5,8,830
GP1[8],16,6,8,830
GP1[9],16,7,8,830
GP1[10],17,0,8,830
GP1[11],17,1,8,830
GP1[12],17,2,8,830
GP1[13],17,3,8,830
GP1[14],17,4,8,830
GP1[15],17,5,8,828
GP2[0],17,6,8,828
GP2[1],17,7,8,828
GP2[2],18,0,8,828
GP2[3],18,1,8,830
GP2[4],18,2,8,828
GP2[5],18,3,8,830
GP2[6],18,4,8,830
GP2[7],18,5,8,830
GP2[8],18,6,8,828
GP2[9],18,7,8,828
GP2[10],19,0,8,830
